-330429269244039039568134200412533765121814346988765537842773520532466830949596408693830965680090335881722243938512178519244096995651192895988560604749860219205748299494757362451026014570675626289782
-273940083646377593964526847905955613164688418358756707870129314228682550153592863015265457714799286282236838973107941874601775865760220479773500146716280491643946922933354689417699351681035747566428
-31641659076254334794885335743119248931455098069428983205650992472586916418555153541301801815717667194547948078608200758042191296394570454229378460968721687555039291787974826947387671796658268937032
-7178130757713985813573390859297576407099971360607437601784644753236418897168580090705680333642038756278602260883084354822945794006190600121800937470237629772218881931006387872511190799827222099586
-91519045045077578051086033784293621881325208600496163922971891338538413704849457339278653840292897672838092279949800388267924358337311380517441367132779164143801215855860248699728625516123980421
-70210643474804169879028450018300498741727527326079785487052980068219543042486620179441954473019669934368631705951097388955080319392919950491044101450630912057214341835473917297322886937401923658
-908824591113956718792348766714532405106400834431787992111113708800929337017982063095720808035000415850414183626797082759632448944234980333284517814198886114706235287012712364380909783352838105
-33538321081129640263894142989839716633547149875536634916456493562223792352864923522186597486419041397888612585115879296537096021775755380245847643539116137920560582925353466623305458865843
-97546447717830477578470431879397361206890290007747308318958104959427247682065761111857415677743861659321854100258317166599776402379168755051415348854375845412207098739105388261745620
-42950407085403198965615084632663121110427016330412092754246156548671390299849373058083299355371033191801020917986145433533642556126174288802065660248406928466691637480501758799078
-2059074729844639452527795451921596600990334833591312485690342464611256801115392449681013567520826483153314989266833893894083122549796311990126358496427215860277920379280521482237
-1216832485143410102589283923505652629640860398563166179278977090354280844465457034158726363069213394882139243146346126427207358983712854760668162898838260565466597033725617347884
-88987032619718752942534628806141001761979806698855903530832215711061028198358219976313438137290495745325607414283618267169748328970841966268239448946553814456394364107768
-7634459848272617163748856086877806019998493890942071756835505855747567365013412518759222901831185512483538240857294573047643017249979520706149668702466971306677554205427
-59441370119963534102543890718248787932186783575191457872143094976672349127085091251348704833729575751074128999553111330695150000143160927036852319784803690986306363
-49778112711295306244819627383177866275113307550215302932675565585365061005669886307398075027134742189601522451378855109638279429687825774230901723948104622355994922
-939595206155644914128723669938079490289932343489699669098228174606015032959790075508478260589940521943945751977983412689569110025249421672446847329443929832588689
-92765756765270545781224790954303929334481243612979099823134317989630287911877361580750539974406925517119582933158725781957114802298398447983135272054733024
-374683271870042538887299224128738370361377458691765666066531062214454247414394457428879180945120720686154143171891137572898005645621730338485278700169
-909259090080972307633001612760460814738520383832649476033271973070030464998484765083211549497526845693977135561263542999866543221471837144784025
-5158105124799815948437227590254800445277402294699606211937209119306549377776269479571072582458229996254590358848316709241751589926520162
-83791663960930030724908507619469148068782142554947266971271462242628585264438155854476337357221970371489149623248251736535450227932224
-21780047513573050325518689009291527635359351366129486710474198731356191843463861437538640288565020150283776268812544047230229440918291
-9109590810735426964083770282302526615190820589768935755692503428384506632613814204428402743701368069762397817384808634226266732585174
-2542805878072695242320402147376020453615832460086121563997176056333979824881554899781958000197289116588659345322433434648620282473
-259892095293937117211849887035822253626504667500263849927659524297382991671971041873475397471038756652574339889586590410671894254
-95816986921061145512138290711232215496448022022790420988127489131247095852826668878146574951952402884793705034410787852482848441
-6943849563881104802570141239038691296126014886644432504363406137278412202688002265688687058550945532678118286447415600021977
-5854683580028445463527382827108470136747292078496362458648021571021578601552946444592385717828590772072705288918021079716077
-735696778941372368523199608518756567683804636969838240085021789083865344216881999955371532727166416478383495603899195336
-5968179426470178441763604940222619424331540577588238367086442576139558479444245852981076854338686393256026949093615430
-846570952780865474974438361555192807134451649666540132263087909608578899867081259696423428125809259460922314827323
-67358684109555276170144288556187416704051616033312117289593198917650070102255541831470206102569390723249752994
-546817135148562293991394230249368756705708815765865920575925066056534128390850816831416245983749265831857874
-9639427834275103102320839856667713426094874987816209533961468419640009895495090145125382488928657256508723
-3943717053804867592227266333433547723589734218435064760755180852788634469326849342453018195989070784459169
-1995227996291745810327441245071537550208368845815460087899858038774647219845989497173139299147352794450736
-4743258008367061724370630348466691939807895913701499055499315282937594561025176414473883507027814619
-416474636675721618752387347153348641311171295478354260074153264184787497692196467431930472756860
-4926269964708963358325173730105019033361791173457887175954610852815021407123564570415918224844
-906543248326112728133842274679472504915099003180176349195150582171077266531107479048852811
-5055714610486733137501200617384810449610412526749263542511726100841841491526505996881717
-184317943268368098189177423320770764886394942774541662654419038770898816104676167633
-5639267084538778262429826318388496780064758253761732099567272678373522240828950476
-4057150493113735196479432092440083900231863906689653203809469296332779202197918673
-77860664771836277348619249853198257664700893804493851883889133924042580507641665
-53384974754082779503704788199085963270010121488612553916569310125306875479388357
-48568854343060692572025228099009534075305810541972912868517876504584664251
-874414123465993074104839378768207803108942869621815429758104821629487857
-4915861454720560993740653141447005043122894569781630396717
-71362264094286981884329175843440046153447239214499584150
-486407925709712734677525879234801019644003562092088876
27195846847648502730466256355200503786102261048632
520477879715161907623790676400667136317821646079049
9811387585225098204427088639353013461144038887326083578
53553632922105643306449175845929682562571693331574457814043
756761663114798872915246675866296049333326615119764889981906545
543110625211482729057368652081457862170215572347553315338400618329065688
4608583783258569778581282032696254352237976466223353510173313927130965286
9064423409315586229299124999324676122988862048492857356486140708540215956
204181895033987913297883010139992105491768564188471998238847846836714378379
2795751356894442735233981527496092516135750689237607780272742304800157033829828
9886101951451110257751267612638026270613731160646335651954356057746343159544942
825117886995468976014306796797840311513388888609984991331599395416781927939549829
64209752511466356085109901053747807129940178132388972121839974540250780959551087566
7161300639334481324565104164768398166703127744144053450871786916534685861149729727480342087
4055151511918926863728082081707288797048684953301182828333277048223276774235123444126088754959204
4281970943557646369048524687280706488724670272977848510414808425730854295379530717843018508298486
8315236451249701269239149223738571036614803625650365037121674851039691522802000707966751901748288
598633968682425643589608921795341331990366361506179958877767786925720485880445878335709458250865709
26278296201178622621395239038772126272646258032857720282599177439214972838224462348834645024274659385
57121485306762449481253294555508878235162579751985378076594241911257040054892865355663723092774125903
5884102864667676465269793110133045706956725132550020505731326107385600410618636044183110301183514885029
59334352068303149176606394521555045473171204752586468835068616511326814874216950891373700099729030187905246
78170812945236046295667172827783922066099333144774556883032465298450571030719710650117266657787038549619931
892185909420883299603207488554041932757004358691698499383355513810077191401488241599537897247163674592574458929
84943899671338700749111737845148087085539441327615803830803690722022505911306950334288789280162430512745704167509
425580704797811448468855765704458447162639154802799898023678543753496299739469364063640139050674393136360875498042723
21711996024818252243672506174809521629245507314158194937496444147961789051329612695145110819985569076707461340771324613
970061845277853244189442163874058100061307955087058808131983151165899763447315091505172564131450331762585713013092143595795
43576834271827733691888585932275303363575820480135989445212939864864811133551544917442911238954058280099381678372278412866864
9652367642930564575783994832288484129722723557776704436927245893384705624515773269055724840196921598841855128291902672130806028420883
130405903133593230855030919179637583086230970317790008036532379314177023319550621934870645361149583664142694230377410314421251200270689
6601500179707256304652889112075713897144910883086619444777009677389527005063563707880043511236434303225651866294153700669316945211610783441897263
28959845700766698720972085746052862853143545822679018679320178500719183141613960924230753333447547291873537282087102394428178810213370222662214039098
1806753279963219023414369111747677571106008271705542212349922155297553136161229617722340015746478432843453660561962016603160896598376548784498247709138
6782665760016037312262029764969449848233485340542529296384653806086747390955695917996585090671198765483602724214598286785899627641524287232341421299053
7542982199686919230617854872213925337092687924592455335225463120322831624797843082544374232195687566200144812432462691610371745865151779161869149003225
174905052322995627229705707630166415542692616168325506024392263289707171105320964453047873584936299473846430375802947564783052141942615454147019883998058
59625986987889184303770310709642661019002860146889890258353754167874461747996657463432529188845489270313703400542896719989779990158452963912021885265265297
1745977647812675936119919990728913414659146569785045722825466684990368462082669410574108268226829986655979481411388269902210601084460609474794937699195442773
9893524519027367588711691364510819873604767989470978287318224351549959774533252030701292472089143858110131156233937375062799622021900856322017662773824064926
3556411138243500492396009079322054241095294893252791109717189180216506527205469109700814034994359805183833499650568436122128080177973336177136994857871215464059917284382
93222086314871447702684468886614438013247539421265163209574692501795127053366806358785622367918531259475009359819179316063586897282292754654783219760381008730630868216417563
2323944617920992342599683431162163322513036085971712420712364824566820991953953256814553081063882859793601645159555252148517112209735684803002239941843778633956141065296833139
6453532085582779158863691000966262137170854606254845321761371069638617964617362387863751116952730178345831155204468010496058640495142182404601190129413259487141848204689476348195269
8983833541121945654633759962366079824567788203669597947815276472797250318326067621525136961566604270222564777540853361046588731890159238933987838294253228307574852374488634735187049
80731091441340137912444971608983443529933831000929672280061603493229903691057235897985613261943242232100170653692180107648444331800137493557696799947993943640458498836490616256851163249
2632793818351802985833547498936384474118274215457794091870562352489209630256431008635172491758014399120106057544778478441984860248388395830805973532196861414602165991787561664233132643575809173
10833496977220571455604188331503344765963441522365638972776368612835330736177091970193744651507069714286569907218053737013715231559843505460971807694018609122488205783781843158859008538118285342384
